# aeq_b	eeq_b	aeq_c	eeq_c	aeq_d	eeq_d	aeq_e	eeq_e
1.19798e-02	2.91118e-02	1.57101e-02	3.85809e-02	2.06097e-02	2.76627e-02	2.70534e-02	4.13056e-03
1.19796e-02	2.83849e-02	1.57101e-02	3.76179e-02	2.06103e-02	2.69715e-02	2.70554e-02	4.02724e-03
1.19792e-02	2.74966e-02	1.57101e-02	3.64412e-02	2.06110e-02	2.61270e-02	2.70580e-02	3.90100e-03
1.19789e-02	2.65745e-02	1.57100e-02	3.52196e-02	2.06119e-02	2.52503e-02	2.70609e-02	3.76996e-03
1.19785e-02	2.56481e-02	1.57100e-02	3.39921e-02	2.06128e-02	2.43695e-02	2.70639e-02	3.63831e-03
1.19781e-02	2.47248e-02	1.57100e-02	3.27687e-02	2.06138e-02	2.34917e-02	2.70672e-02	3.50712e-03
1.19777e-02	2.38072e-02	1.57100e-02	3.15529e-02	2.06148e-02	2.26194e-02	2.70708e-02	3.37676e-03
1.19772e-02	2.28970e-02	1.57099e-02	3.03468e-02	2.06160e-02	2.17540e-02	2.70746e-02	3.24744e-03
1.19767e-02	2.19953e-02	1.57099e-02	2.91519e-02	2.06172e-02	2.08968e-02	2.70786e-02	3.11934e-03
1.19761e-02	2.11036e-02	1.57099e-02	2.79701e-02	2.06185e-02	2.00490e-02	2.70830e-02	2.99267e-03
1.19756e-02	2.02233e-02	1.57098e-02	2.68034e-02	2.06199e-02	1.92121e-02	2.70876e-02	2.86763e-03
1.19749e-02	1.93562e-02	1.57098e-02	2.56542e-02	2.06214e-02	1.83877e-02	2.70927e-02	2.74446e-03
1.19743e-02	1.85041e-02	1.57098e-02	2.45249e-02	2.06230e-02	1.75777e-02	2.70981e-02	2.62344e-03
1.19736e-02	1.76692e-02	1.57097e-02	2.34182e-02	2.06247e-02	1.67840e-02	2.71039e-02	2.50486e-03
1.19728e-02	1.68537e-02	1.57097e-02	2.23372e-02	2.06265e-02	1.60086e-02	2.71101e-02	2.38904e-03
1.19720e-02	1.60599e-02	1.57096e-02	2.12851e-02	2.06285e-02	1.52540e-02	2.71168e-02	2.27631e-03
1.19711e-02	1.52903e-02	1.57096e-02	2.02649e-02	2.06306e-02	1.45224e-02	2.71239e-02	2.16703e-03
1.19701e-02	1.45474e-02	1.57095e-02	1.92801e-02	2.06329e-02	1.38162e-02	2.71315e-02	2.06153e-03
1.19691e-02	1.38336e-02	1.57094e-02	1.83339e-02	2.06353e-02	1.31376e-02	2.71396e-02	1.96017e-03
1.19681e-02	1.31511e-02	1.57094e-02	1.74291e-02	2.06378e-02	1.24888e-02	2.71481e-02	1.86326e-03
1.19670e-02	1.25020e-02	1.57093e-02	1.65686e-02	2.06405e-02	1.18717e-02	2.71571e-02	1.77109e-03
1.19658e-02	1.18881e-02	1.57092e-02	1.57546e-02	2.06433e-02	1.12880e-02	2.71665e-02	1.68391e-03
1.19646e-02	1.13106e-02	1.57092e-02	1.49891e-02	2.06462e-02	1.07390e-02	2.71764e-02	1.60192e-03
1.19633e-02	1.07707e-02	1.57091e-02	1.42733e-02	2.06492e-02	1.02257e-02	2.71865e-02	1.52526e-03
1.19621e-02	1.02689e-02	1.57090e-02	1.36081e-02	2.06522e-02	9.74874e-03	2.71969e-02	1.45402e-03
1.19608e-02	9.80564e-03	1.57089e-02	1.29939e-02	2.06553e-02	9.30833e-03	2.72074e-02	1.38825e-03
1.19595e-02	9.38078e-03	1.57088e-02	1.24306e-02	2.06585e-02	8.90444e-03	2.72180e-02	1.32793e-03
1.19582e-02	8.99407e-03	1.57087e-02	1.19179e-02	2.06616e-02	8.53680e-03	2.72285e-02	1.27302e-03
1.19569e-02	8.64501e-03	1.57087e-02	1.14551e-02	2.06646e-02	8.20497e-03	2.72388e-02	1.22346e-03
1.19557e-02	8.33304e-03	1.57086e-02	1.10415e-02	2.06675e-02	7.90840e-03	2.72488e-02	1.17917e-03
1.19541e-02	7.96485e-03	1.57085e-02	1.05533e-02	2.06713e-02	7.55838e-03	2.72615e-02	1.12690e-03
1.19525e-02	7.61598e-03	1.57084e-02	1.00907e-02	2.06752e-02	7.22672e-03	2.72748e-02	1.07737e-03
1.19508e-02	7.28259e-03	1.57082e-02	9.64871e-03	2.06792e-02	6.90979e-03	2.72886e-02	1.03004e-03
1.19490e-02	6.96408e-03	1.57081e-02	9.22640e-03	2.06835e-02	6.60699e-03	2.73031e-02	9.84818e-04
1.19472e-02	6.65972e-03	1.57080e-02	8.82286e-03	2.06879e-02	6.31766e-03	2.73183e-02	9.41609e-04
1.19452e-02	6.36886e-03	1.57078e-02	8.43722e-03	2.06925e-02	6.04116e-03	2.73342e-02	9.00316e-04
1.19432e-02	6.09088e-03	1.57077e-02	8.06865e-03	2.06974e-02	5.77689e-03	2.73508e-02	8.60852e-04
1.19411e-02	5.82518e-03	1.57075e-02	7.71636e-03	2.07025e-02	5.52431e-03	2.73682e-02	8.23130e-04
1.19389e-02	5.57120e-03	1.57074e-02	7.37960e-03	2.07078e-02	5.28286e-03	2.73864e-02	7.87073e-04
1.19365e-02	5.32840e-03	1.57072e-02	7.05768e-03	2.07133e-02	5.05204e-03	2.74054e-02	7.52603e-04
1.19341e-02	5.09628e-03	1.57070e-02	6.74991e-03	2.07191e-02	4.83138e-03	2.74253e-02	7.19649e-04
1.19316e-02	4.87435e-03	1.57068e-02	6.45566e-03	2.07251e-02	4.62040e-03	2.74462e-02	6.88143e-04
1.19289e-02	4.66217e-03	1.57066e-02	6.17432e-03	2.07315e-02	4.41869e-03	2.74681e-02	6.58019e-04
1.19262e-02	4.45928e-03	1.57064e-02	5.90531e-03	2.07381e-02	4.22582e-03	2.74909e-02	6.29216e-04
1.19233e-02	4.26529e-03	1.57061e-02	5.64809e-03	2.07450e-02	4.04140e-03	2.75149e-02	6.01675e-04
1.19203e-02	4.07979e-03	1.57059e-02	5.40213e-03	2.07522e-02	3.86505e-03	2.75400e-02	5.75339e-04
1.19171e-02	3.90240e-03	1.57056e-02	5.16693e-03	2.07598e-02	3.69642e-03	2.75663e-02	5.50156e-04
1.19138e-02	3.73277e-03	1.57054e-02	4.94202e-03	2.07677e-02	3.53516e-03	2.75938e-02	5.26073e-04
1.19103e-02	3.57055e-03	1.57051e-02	4.72693e-03	2.07759e-02	3.38095e-03	2.76227e-02	5.03043e-04
1.19067e-02	3.41542e-03	1.57047e-02	4.52124e-03	2.07846e-02	3.23348e-03	2.76529e-02	4.81019e-04
1.19029e-02	3.26707e-03	1.57044e-02	4.32454e-03	2.07936e-02	3.09244e-03	2.76846e-02	4.59957e-04
1.18990e-02	3.12519e-03	1.57040e-02	4.13642e-03	2.08030e-02	2.95757e-03	2.77178e-02	4.39814e-04
1.18948e-02	2.98951e-03	1.57036e-02	3.95651e-03	2.08129e-02	2.82858e-03	2.77526e-02	4.20550e-04
1.18905e-02	2.85975e-03	1.57032e-02	3.78446e-03	2.08232e-02	2.70522e-03	2.77890e-02	4.02127e-04
1.18860e-02	2.73564e-03	1.57028e-02	3.61991e-03	2.08340e-02	2.58724e-03	2.78273e-02	3.84507e-04
1.18812e-02	2.61695e-03	1.57023e-02	3.46253e-03	2.08453e-02	2.47441e-03	2.78673e-02	3.67656e-04
1.18763e-02	2.50344e-03	1.57018e-02	3.31203e-03	2.08570e-02	2.36650e-03	2.79094e-02	3.51539e-04
1.18711e-02	2.39488e-03	1.57013e-02	3.16808e-03	2.08694e-02	2.26329e-03	2.79535e-02	3.36125e-04
1.18657e-02	2.29105e-03	1.57007e-02	3.03041e-03	2.08822e-02	2.16459e-03	2.79997e-02	3.21383e-04
1.18600e-02	2.19175e-03	1.57001e-02	2.89874e-03	2.08957e-02	2.07019e-03	2.80483e-02	3.07283e-04
1.18541e-02	2.09677e-03	1.56995e-02	2.77282e-03	2.09098e-02	1.97990e-03	2.80992e-02	2.93798e-04
1.18479e-02	2.00594e-03	1.56987e-02	2.65238e-03	2.09245e-02	1.89355e-03	2.81526e-02	2.80900e-04
1.18414e-02	1.91907e-03	1.56980e-02	2.53719e-03	2.09399e-02	1.81096e-03	2.82087e-02	2.68564e-04
1.18346e-02	1.83598e-03	1.56972e-02	2.42703e-03	2.09560e-02	1.73197e-03	2.82676e-02	2.56765e-04
1.18275e-02	1.75651e-03	1.56963e-02	2.32166e-03	2.09728e-02	1.65643e-03	2.83294e-02	2.45481e-04
1.18201e-02	1.68051e-03	1.56954e-02	2.22089e-03	2.09904e-02	1.58417e-03	2.83944e-02	2.34688e-04
1.18123e-02	1.60782e-03	1.56944e-02	2.12451e-03	2.10087e-02	1.51507e-03	2.84626e-02	2.24364e-04
1.18042e-02	1.53829e-03	1.56933e-02	2.03233e-03	2.10279e-02	1.44897e-03	2.85343e-02	2.14491e-04
1.17956e-02	1.47180e-03	1.56922e-02	1.94416e-03	2.10480e-02	1.38576e-03	2.86097e-02	2.05047e-04
1.17867e-02	1.40820e-03	1.56909e-02	1.85984e-03	2.10690e-02	1.32530e-03	2.86889e-02	1.96014e-04
1.17774e-02	1.34738e-03	1.56896e-02	1.77920e-03	2.10909e-02	1.26748e-03	2.87722e-02	1.87375e-04
1.17677e-02	1.28920e-03	1.56881e-02	1.70206e-03	2.11138e-02	1.21217e-03	2.88598e-02	1.79112e-04
1.17575e-02	1.23356e-03	1.56866e-02	1.62829e-03	2.11378e-02	1.15928e-03	2.89520e-02	1.71208e-04
1.17468e-02	1.18035e-03	1.56849e-02	1.55774e-03	2.11628e-02	1.10869e-03	2.90491e-02	1.63648e-04
1.17356e-02	1.12946e-03	1.56831e-02	1.49026e-03	2.11890e-02	1.06030e-03	2.91512e-02	1.56417e-04
1.17239e-02	1.08078e-03	1.56811e-02	1.42572e-03	2.12163e-02	1.01403e-03	2.92588e-02	1.49501e-04
1.17117e-02	1.03422e-03	1.56790e-02	1.36400e-03	2.12448e-02	9.69767e-04	2.93722e-02	1.42885e-04
1.16988e-02	9.89696e-04	1.56767e-02	1.30496e-03	2.12747e-02	9.27436e-04	2.94917e-02	1.36557e-04
1.16854e-02	9.47110e-04	1.56742e-02	1.24850e-03	2.13058e-02	8.86950e-04	2.96176e-02	1.30505e-04
1.16714e-02	9.06380e-04	1.56716e-02	1.19450e-03	2.13384e-02	8.48228e-04	2.97505e-02	1.24715e-04
1.16567e-02	8.67426e-04	1.56687e-02	1.14286e-03	2.13724e-02	8.11194e-04	2.98907e-02	1.19177e-04
1.16413e-02	8.30169e-04	1.56655e-02	1.09347e-03	2.14079e-02	7.75774e-04	3.00388e-02	1.13880e-04
1.16251e-02	7.94537e-04	1.56621e-02	1.04623e-03	2.14450e-02	7.41898e-04	3.01951e-02	1.08813e-04
1.16082e-02	7.60458e-04	1.56584e-02	1.00105e-03	2.14836e-02	7.09499e-04	3.03604e-02	1.03966e-04
1.15905e-02	7.27864e-04	1.56544e-02	9.57838e-04	2.15240e-02	6.78512e-04	3.05351e-02	9.93297e-05
1.15720e-02	6.96692e-04	1.56500e-02	9.16514e-04	2.15662e-02	6.48876e-04	3.07200e-02	9.48944e-05
1.15526e-02	6.66880e-04	1.56453e-02	8.76993e-04	2.16102e-02	6.20533e-04	3.09156e-02	9.06516e-05
1.15322e-02	6.38367e-04	1.56401e-02	8.39196e-04	2.16560e-02	5.93426e-04	3.11229e-02	8.65927e-05
1.15109e-02	6.11098e-04	1.56345e-02	8.03049e-04	2.17039e-02	5.67500e-04	3.13426e-02	8.27098e-05
1.14886e-02	5.85018e-04	1.56284e-02	7.68480e-04	2.17537e-02	5.42706e-04	3.15757e-02	7.89952e-05
1.14652e-02	5.60077e-04	1.56217e-02	7.35419e-04	2.18057e-02	5.18994e-04	3.18231e-02	7.54414e-05
1.14406e-02	5.36223e-04	1.56144e-02	7.03803e-04	2.18598e-02	4.96316e-04	3.20859e-02	7.20413e-05
1.14149e-02	5.13411e-04	1.56065e-02	6.73567e-04	2.19162e-02	4.74628e-04	3.23653e-02	6.87884e-05
1.13879e-02	4.91594e-04	1.55978e-02	6.44652e-04	2.19748e-02	4.53887e-04	3.26626e-02	6.56760e-05
1.13595e-02	4.70729e-04	1.55884e-02	6.17001e-04	2.20358e-02	4.34051e-04	3.29793e-02	6.26980e-05
1.13298e-02	4.50776e-04	1.55780e-02	5.90559e-04	2.20992e-02	4.15082e-04	3.33170e-02	5.98484e-05
1.12986e-02	4.31694e-04	1.55667e-02	5.65273e-04	2.21650e-02	3.96942e-04	3.36774e-02	5.71216e-05
1.12659e-02	4.13445e-04	1.55543e-02	5.41093e-04	2.22333e-02	3.79595e-04	3.40624e-02	5.45121e-05
1.12315e-02	3.95994e-04	1.55407e-02	5.17971e-04	2.23041e-02	3.63007e-04	3.44743e-02	5.20149e-05
1.11954e-02	3.79306e-04	1.55259e-02	4.95862e-04	2.23774e-02	3.47144e-04	3.49155e-02	4.96247e-05
1.11575e-02	3.63348e-04	1.55095e-02	4.74722e-04	2.24533e-02	3.31976e-04	3.53886e-02	4.73370e-05
1.11177e-02	3.48087e-04	1.54916e-02	4.54508e-04	2.25315e-02	3.17472e-04	3.58968e-02	4.51471e-05
1.10758e-02	3.33494e-04	1.54719e-02	4.35181e-04	2.26122e-02	3.03604e-04	3.64432e-02	4.30507e-05
1.10317e-02	3.19540e-04	1.54503e-02	4.16703e-04	2.26952e-02	2.90345e-04	3.70319e-02	4.10435e-05
1.09853e-02	3.06197e-04	1.54265e-02	3.99036e-04	2.27804e-02	2.77668e-04	3.76671e-02	3.91215e-05
1.09365e-02	2.93438e-04	1.54003e-02	3.82145e-04	2.28675e-02	2.65548e-04	3.83537e-02	3.72810e-05
1.08851e-02	2.81239e-04	1.53715e-02	3.65998e-04	2.29564e-02	2.53962e-04	3.90972e-02	3.55180e-05
1.08309e-02	2.69574e-04	1.53396e-02	3.50562e-04	2.30467e-02	2.42887e-04	3.99039e-02	3.38292e-05
1.07737e-02	2.58421e-04	1.53045e-02	3.35806e-04	2.31380e-02	2.32300e-04	4.07812e-02	3.22111e-05
1.07134e-02	2.47757e-04	1.52657e-02	3.21701e-04	2.32298e-02	2.22182e-04	4.17371e-02	3.06605e-05
1.06497e-02	2.37561e-04	1.52228e-02	3.08219e-04	2.33215e-02	2.12511e-04	4.27813e-02	2.91741e-05
1.05824e-02	2.27812e-04	1.51753e-02	2.95333e-04	2.34122e-02	2.03270e-04	4.39247e-02	2.77490e-05
1.05112e-02	2.18491e-04	1.51228e-02	2.83017e-04	2.35010e-02	1.94440e-04	4.51800e-02	2.63823e-05
1.04358e-02	2.09578e-04	1.50645e-02	2.71246e-04	2.35868e-02	1.86004e-04	4.65619e-02	2.50711e-05
1.03560e-02	2.01056e-04	1.50000e-02	2.59997e-04	2.36680e-02	1.77946e-04	4.80874e-02	2.38128e-05
1.02713e-02	1.92907e-04	1.49283e-02	2.49245e-04	2.37432e-02	1.70248e-04	4.97764e-02	2.26048e-05
1.01814e-02	1.85114e-04	1.48488e-02	2.38969e-04	2.38101e-02	1.62897e-04	5.16521e-02	2.14447e-05
1.00858e-02	1.77659e-04	1.47605e-02	2.29147e-04	2.38665e-02	1.55876e-04	5.37414e-02	2.03301e-05
9.98420e-03	1.70527e-04	1.46624e-02	2.19758e-04	2.39096e-02	1.49173e-04	5.60757e-02	1.92588e-05
9.87597e-03	1.63702e-04	1.45534e-02	2.10781e-04	2.39363e-02	1.42773e-04	5.86916e-02	1.82287e-05
9.76066e-03	1.57167e-04	1.44325e-02	2.02195e-04	2.39429e-02	1.36663e-04	6.16313e-02	1.72379e-05
9.63773e-03	1.50908e-04	1.42983e-02	1.93981e-04	2.39256e-02	1.30828e-04	6.49434e-02	1.62845e-05
9.50663e-03	1.44908e-04	1.41496e-02	1.86118e-04	2.38799e-02	1.25257e-04	6.86831e-02	1.53670e-05
9.36685e-03	1.39152e-04	1.39853e-02	1.78585e-04	2.38013e-02	1.19936e-04	7.29124e-02	1.44841e-05
9.21794e-03	1.33625e-04	1.38042e-02	1.71363e-04	2.36854e-02	1.14852e-04	7.76997e-02	1.36346e-05
9.05954e-03	1.28311e-04	1.36055e-02	1.64432e-04	2.35278e-02	1.09991e-04	8.31181e-02	1.28179e-05
8.89145e-03	1.23195e-04	1.33884e-02	1.57772e-04	2.33249e-02	1.05340e-04	8.92434e-02	1.20336e-05
8.71370e-03	1.18264e-04	1.31527e-02	1.51364e-04	2.30741e-02	1.00887e-04	9.61506e-02	1.12815e-05
8.52658e-03	1.13505e-04	1.28988e-02	1.45193e-04	2.27741e-02	9.66184e-05	1.03909e-01	1.05620e-05
8.33071e-03	1.08907e-04	1.26275e-02	1.39242e-04	2.24252e-02	9.25239e-05	1.12579e-01	9.87560e-06
8.12700e-03	1.04461e-04	1.23404e-02	1.33500e-04	2.20297e-02	8.85927e-05	1.22204e-01	9.22293e-06
7.91668e-03	1.00161e-04	1.20396e-02	1.27955e-04	2.15915e-02	8.48160e-05	1.32809e-01	8.60462e-06
7.70117e-03	9.60026e-05	1.17274e-02	1.22602e-04	2.11158e-02	8.11862e-05	1.44400e-01	8.02109e-06
7.48204e-03	9.19819e-05	1.14066e-02	1.17434e-04	2.06091e-02	7.76971e-05	1.56959e-01	7.47245e-06
7.26086e-03	8.80976e-05	1.10800e-02	1.12448e-04	2.00780e-02	7.43435e-05	1.70456e-01	6.95842e-06
7.03912e-03	8.43485e-05	1.07504e-02	1.07641e-04	1.95292e-02	7.11210e-05	1.84843e-01	6.47826e-06
6.81818e-03	8.07337e-05	1.04200e-02	1.03010e-04	1.89689e-02	6.80258e-05	2.00065e-01	6.03089e-06
6.59921e-03	7.72519e-05	1.00911e-02	9.85534e-05	1.84026e-02	6.50541e-05	2.16062e-01	5.61487e-06
6.38319e-03	7.39016e-05	9.76546e-03	9.42681e-05	1.78350e-02	6.22024e-05	2.32772e-01	5.22857e-06
6.17090e-03	7.06808e-05	9.44443e-03	9.01507e-05	1.72701e-02	5.94670e-05	2.50133e-01	4.87021e-06
5.96293e-03	6.75870e-05	9.12919e-03	8.61975e-05	1.67111e-02	5.68445e-05	2.68087e-01	4.53797e-06
5.75974e-03	6.46173e-05	8.82058e-03	8.24043e-05	1.61603e-02	5.43312e-05	2.86579e-01	4.23001e-06
5.56166e-03	6.17686e-05	8.51923e-03	7.87669e-05	1.56198e-02	5.19233e-05	3.05556e-01	3.94456e-06
5.36889e-03	5.90375e-05	8.22559e-03	7.52804e-05	1.50908e-02	4.96173e-05	3.24970e-01	3.67994e-06
5.18157e-03	5.64202e-05	7.93994e-03	7.19399e-05	1.45745e-02	4.74093e-05	3.44776e-01	3.43454e-06
4.99978e-03	5.39130e-05	7.66247e-03	6.87407e-05	1.40715e-02	4.52959e-05	3.64933e-01	3.20686e-06
4.82352e-03	5.15122e-05	7.39324e-03	6.56776e-05	1.35823e-02	4.32733e-05	3.85402e-01	2.99554e-06
4.65277e-03	4.92140e-05	7.13226e-03	6.27457e-05	1.31071e-02	4.13382e-05	4.06148e-01	2.79929e-06
4.48747e-03	4.70145e-05	6.87949e-03	5.99401e-05	1.26462e-02	3.94870e-05	4.27138e-01	2.61693e-06
4.32755e-03	4.49100e-05	6.63483e-03	5.72559e-05	1.21994e-02	3.77164e-05	4.48342e-01	2.44739e-06
4.17290e-03	4.28968e-05	6.39816e-03	5.46883e-05	1.17667e-02	3.60232e-05	4.69729e-01	2.28968e-06
4.02341e-03	4.09713e-05	6.16931e-03	5.22328e-05	1.13479e-02	3.44042e-05	4.91274e-01	2.14289e-06
3.87897e-03	3.91299e-05	5.94813e-03	4.98847e-05	1.09428e-02	3.28563e-05	5.12952e-01	2.00619e-06
3.73945e-03	3.73694e-05	5.73443e-03	4.76398e-05	1.05511e-02	3.13766e-05	5.34739e-01	1.87882e-06
3.60471e-03	3.56862e-05	5.52802e-03	4.54936e-05	1.01725e-02	2.99622e-05	5.56613e-01	1.76008e-06
3.47462e-03	3.40773e-05	5.32871e-03	4.34422e-05	9.80680e-03	2.86103e-05	5.78554e-01	1.64934e-06
3.34905e-03	3.25396e-05	5.13628e-03	4.14815e-05	9.45354e-03	2.73185e-05	6.00541e-01	1.54600e-06
3.22787e-03	3.10700e-05	4.95055e-03	3.96078e-05	9.11245e-03	2.60839e-05	6.22558e-01	1.44953e-06
3.11093e-03	2.96656e-05	4.77131e-03	3.78173e-05	8.78315e-03	2.49043e-05	6.44586e-01	1.35943e-06
2.99810e-03	2.83236e-05	4.59836e-03	3.61064e-05	8.46532e-03	2.37772e-05	6.66610e-01	1.27525e-06
2.88926e-03	2.70415e-05	4.43151e-03	3.44718e-05	8.15861e-03	2.27005e-05	6.88614e-01	1.19656e-06
2.78427e-03	2.58165e-05	4.27055e-03	3.29102e-05	7.86267e-03	2.16719e-05	7.10584e-01	1.12299e-06
2.68302e-03	2.46463e-05	4.11529e-03	3.14183e-05	7.57717e-03	2.06892e-05	7.32508e-01	1.05416e-06
2.58536e-03	2.35285e-05	3.96556e-03	2.99932e-05	7.30177e-03	1.97506e-05	7.54371e-01	9.89762e-07
2.49119e-03	2.24607e-05	3.82116e-03	2.86320e-05	7.03614e-03	1.88540e-05	7.76163e-01	9.29480e-07
2.40039e-03	2.14409e-05	3.68192e-03	2.73318e-05	6.77996e-03	1.79977e-05	7.97872e-01	8.73036e-07
2.31284e-03	2.04668e-05	3.54766e-03	2.60901e-05	6.53292e-03	1.71799e-05	8.19487e-01	8.20169e-07
2.22843e-03	1.95365e-05	3.41821e-03	2.49042e-05	6.29471e-03	1.63990e-05	8.41000e-01	7.70639e-07
2.14706e-03	1.86481e-05	3.29342e-03	2.37716e-05	6.06503e-03	1.56531e-05	8.62401e-01	7.24221e-07
2.06861e-03	1.77998e-05	3.17311e-03	2.26901e-05	5.84360e-03	1.49408e-05	8.83681e-01	6.80710e-07
1.99300e-03	1.69896e-05	3.05714e-03	2.16573e-05	5.63013e-03	1.42608e-05	9.04831e-01	6.39912e-07
1.92011e-03	1.62160e-05	2.94534e-03	2.06712e-05	5.42434e-03	1.36113e-05	9.25846e-01	6.01648e-07
1.84985e-03	1.54774e-05	2.83759e-03	1.97296e-05	5.22598e-03	1.29912e-05	9.46718e-01	5.65754e-07
1.78214e-03	1.47721e-05	2.73373e-03	1.88305e-05	5.03477e-03	1.23992e-05	9.67440e-01	5.32074e-07
1.71687e-03	1.40987e-05	2.63363e-03	1.79720e-05	4.85047e-03	1.18339e-05	9.88006e-01	5.00466e-07
1.65398e-03	1.34557e-05	2.53716e-03	1.71525e-05	4.67285e-03	1.12943e-05	1.00841e+00	4.70796e-07
1.59335e-03	1.28419e-05	2.44417e-03	1.63700e-05	4.50164e-03	1.07789e-05	1.02865e+00	4.42937e-07
1.53494e-03	1.22558e-05	2.35457e-03	1.56230e-05	4.33665e-03	1.02870e-05	1.04872e+00	4.16779e-07
1.47864e-03	1.16964e-05	2.26822e-03	1.49098e-05	4.17765e-03	9.81736e-06	1.06861e+00	3.92208e-07
1.42440e-03	1.11623e-05	2.18501e-03	1.42291e-05	4.02442e-03	9.36917e-06	1.08832e+00	3.69128e-07
1.37212e-03	1.06525e-05	2.10483e-03	1.35791e-05	3.87677e-03	8.94120e-06	1.10785e+00	3.47443e-07
1.32175e-03	1.01659e-05	2.02757e-03	1.29587e-05	3.73449e-03	8.53269e-06	1.12719e+00	3.27067e-07
1.27322e-03	9.70133e-06	1.95312e-03	1.23666e-05	3.59739e-03	8.14265e-06	1.14634e+00	3.07916e-07
1.22645e-03	9.25779e-06	1.88137e-03	1.18013e-05	3.46526e-03	7.77052e-06	1.16530e+00	2.89911e-07
1.18139e-03	8.83467e-06	1.81226e-03	1.12616e-05	3.33797e-03	7.41520e-06	1.18407e+00	2.72987e-07
1.13798e-03	8.43054e-06	1.74567e-03	1.07467e-05	3.21534e-03	7.07605e-06	1.20263e+00	2.57074e-07
1.09614e-03	8.04490e-06	1.68150e-03	1.02552e-05	3.09715e-03	6.75244e-06	1.22100e+00	2.42110e-07
1.05583e-03	7.67677e-06	1.61966e-03	9.78572e-06	2.98326e-03	6.44332e-06	1.23917e+00	2.28032e-07
1.01701e-03	7.32554e-06	1.56011e-03	9.33807e-06	2.87359e-03	6.14854e-06	1.25713e+00	2.14795e-07
9.79594e-04	6.99034e-06	1.50271e-03	8.91049e-06	2.76788e-03	5.86692e-06	1.27489e+00	2.02341e-07
9.43559e-04	6.67015e-06	1.44744e-03	8.50277e-06	2.66607e-03	5.59832e-06	1.29244e+00	1.90625e-07
9.08823e-04	6.36477e-06	1.39415e-03	8.11315e-06	2.56793e-03	5.34232e-06	1.30980e+00	1.79595e-07
8.75381e-04	6.07317e-06	1.34285e-03	7.74173e-06	2.47345e-03	5.09728e-06	1.32694e+00	1.69223e-07
8.43148e-04	5.79490e-06	1.29341e-03	7.38709e-06	2.38238e-03	4.86391e-06	1.34388e+00	1.59455e-07
8.12095e-04	5.52948e-06	1.24577e-03	7.04841e-06	2.29464e-03	4.64127e-06	1.36061e+00	1.50262e-07
7.82201e-04	5.27628e-06	1.19991e-03	6.72552e-06	2.21018e-03	4.42862e-06	1.37713e+00	1.41614e-07
7.53392e-04	5.03424e-06	1.15572e-03	6.41741e-06	2.12878e-03	4.22526e-06	1.39344e+00	1.33468e-07
7.25626e-04	4.80374e-06	1.11313e-03	6.12308e-06	2.05033e-03	4.03204e-06	1.40956e+00	1.25795e-07
6.98893e-04	4.58305e-06	1.07212e-03	5.84220e-06	1.97480e-03	3.84751e-06	1.42546e+00	1.18575e-07
6.73154e-04	4.37330e-06	1.03264e-03	5.57457e-06	1.90208e-03	3.67056e-06	1.44114e+00	1.11779e-07
6.48335e-04	4.17280e-06	9.94563e-04	5.31900e-06	1.83195e-03	3.50274e-06	1.45663e+00	1.05372e-07
6.24417e-04	3.98125e-06	9.57873e-04	5.07439e-06	1.76437e-03	3.34237e-06	1.47193e+00	9.93355e-08
6.01441e-04	3.79890e-06	9.22627e-04	4.84241e-06	1.69945e-03	3.18937e-06	1.48698e+00	9.36647e-08
5.79227e-04	3.62469e-06	8.88551e-04	4.61964e-06	1.63668e-03	3.04253e-06	1.50188e+00	8.83032e-08
5.57888e-04	3.45818e-06	8.55817e-04	4.40800e-06	1.57639e-03	2.90232e-06	1.51654e+00	8.32662e-08
5.37299e-04	3.29899e-06	8.24232e-04	4.20558e-06	1.51821e-03	2.76960e-06	1.53101e+00	7.85127e-08
5.17479e-04	3.14807e-06	7.93828e-04	4.01267e-06	1.46221e-03	2.64192e-06	1.54528e+00	7.40366e-08
4.98375e-04	3.00327e-06	7.64522e-04	3.82779e-06	1.40823e-03	2.52106e-06	1.55936e+00	6.98158e-08
4.80043e-04	2.86570e-06	7.36401e-04	3.65330e-06	1.35643e-03	2.40543e-06	1.57319e+00	6.58542e-08
4.62254e-04	2.73330e-06	7.09112e-04	3.48507e-06	1.30617e-03	2.29333e-06	1.58693e+00	6.20927e-08
4.45173e-04	2.60744e-06	6.82909e-04	3.32423e-06	1.25790e-03	2.18977e-06	1.60042e+00	5.85587e-08
4.28805e-04	2.48833e-06	6.57800e-04	3.17245e-06	1.21166e-03	2.08848e-06	1.61366e+00	5.52452e-08
4.12942e-04	2.37456e-06	6.33466e-04	3.02600e-06	1.16683e-03	1.99309e-06	1.62678e+00	5.21025e-08
3.97743e-04	2.26552e-06	6.10151e-04	2.88759e-06	1.12389e-03	1.90012e-06	1.63964e+00	4.91556e-08
3.83038e-04	2.16082e-06	5.87593e-04	2.75566e-06	1.08234e-03	1.81345e-06	1.65237e+00	4.63648e-08
3.68795e-04	2.06074e-06	5.65743e-04	2.62768e-06	1.04209e-03	1.72927e-06	1.66498e+00	4.37201e-08
3.55231e-04	1.96754e-06	5.44936e-04	2.50700e-06	1.00376e-03	1.65117e-06	1.67727e+00	4.12545e-08
3.42158e-04	1.87703e-06	5.24881e-04	2.39269e-06	9.66824e-04	1.57476e-06	1.68938e+00	3.89281e-08
3.29463e-04	1.79028e-06	5.05407e-04	2.28131e-06	9.30953e-04	1.50433e-06	1.70140e+00	3.67164e-08
3.17398e-04	1.70807e-06	4.86899e-04	2.17736e-06	8.96862e-04	1.43746e-06	1.71309e+00	3.46589e-08
3.05670e-04	1.62908e-06	4.68908e-04	2.07927e-06	8.63724e-04	1.36791e-06	1.72470e+00	3.27006e-08
2.94137e-04	1.55278e-06	4.51216e-04	1.98114e-06	8.31136e-04	1.30392e-06	1.73638e+00	3.08154e-08
2.83334e-04	1.48287e-06	4.34643e-04	1.88947e-06	8.00609e-04	1.24173e-06	1.74757e+00	2.90866e-08
2.72996e-04	1.41575e-06	4.18785e-04	1.80408e-06	7.71398e-04	1.18728e-06	1.75851e+00	2.74664e-08
2.62858e-04	1.34859e-06	4.03233e-04	1.72172e-06	7.42751e-04	1.13273e-06	1.76948e+00	2.59102e-08
2.53022e-04	1.28581e-06	3.88144e-04	1.64024e-06	7.14958e-04	1.07809e-06	1.78036e+00	2.44323e-08
2.43830e-04	1.22817e-06	3.74043e-04	1.56424e-06	6.88942e-04	1.02902e-06	1.79075e+00	2.30487e-08
2.35041e-04	1.17490e-06	3.60560e-04	1.49732e-06	6.64149e-04	9.80930e-07	1.80089e+00	2.18120e-08
2.25914e-04	1.11756e-06	3.46560e-04	1.42358e-06	6.38317e-04	9.35607e-07	1.81167e+00	2.04916e-08
2.17735e-04	1.06497e-06	3.34014e-04	1.35836e-06	6.15193e-04	8.91717e-07	1.82153e+00	1.93538e-08
2.09821e-04	1.01941e-06	3.21873e-04	1.29904e-06	5.92887e-04	8.50826e-07	1.83128e+00	1.83205e-08
2.01775e-04	9.70198e-07	3.09530e-04	1.23487e-06	5.70153e-04	8.14513e-07	1.84142e+00	1.72528e-08
1.94586e-04	9.25716e-07	2.98501e-04	1.17715e-06	5.49789e-04	7.73895e-07	1.85067e+00	1.62885e-08
1.87766e-04	8.87901e-07	2.88039e-04	1.12845e-06	5.30567e-04	7.47091e-07	1.85962e+00	1.54497e-08
1.80427e-04	8.43772e-07	2.76782e-04	1.07399e-06	5.09831e-04	7.09284e-07	1.86947e+00	1.45337e-08
1.73710e-04	8.03097e-07	2.66478e-04	1.02747e-06	4.90850e-04	6.66856e-07	1.87868e+00	1.37128e-08
1.66824e-04	7.63367e-07	2.55915e-04	9.77234e-07	4.71393e-04	6.42669e-07	1.88834e+00	1.28891e-08
1.60608e-04	7.28708e-07	2.46379e-04	9.34025e-07	4.53828e-04	6.03593e-07	1.89725e+00	1.21611e-08
1.54370e-04	6.91011e-07	2.36809e-04	8.83681e-07	4.36201e-04	5.86207e-07	1.90639e+00	1.14458e-08
1.49279e-04	6.64896e-07	2.29000e-04	8.48662e-07	4.21796e-04	5.52580e-07	1.91400e+00	1.08623e-08
1.43542e-04	6.31744e-07	2.20198e-04	8.08004e-07	4.05570e-04	5.31022e-07	1.92276e+00	1.02221e-08
1.38245e-04	6.07469e-07	2.12073e-04	7.67138e-07	3.90637e-04	5.07005e-07	1.93101e+00	9.66896e-09
1.33619e-04	5.80561e-07	2.04977e-04	7.34875e-07	3.77566e-04	4.96529e-07	1.93837e+00	9.17904e-09
1.28717e-04	5.58740e-07	1.97456e-04	7.00404e-07	3.63713e-04	4.68600e-07	1.94632e+00	8.66964e-09
1.24086e-04	5.27463e-07	1.90352e-04	6.72587e-07	3.50595e-04	4.37441e-07	1.95399e+00	8.18127e-09
1.18888e-04	4.93589e-07	1.82378e-04	6.37946e-07	3.35939e-04	4.23674e-07	1.96279e+00	7.67958e-09
1.14446e-04	4.81412e-07	1.75565e-04	6.04635e-07	3.23389e-04	4.07991e-07	1.97048e+00	7.24618e-09
1.10695e-04	4.58698e-07	1.69810e-04	5.85775e-07	3.12788e-04	3.66911e-07	1.97710e+00	6.88707e-09
1.05292e-04	4.25696e-07	1.61521e-04	5.54840e-07	2.97522e-04	3.47678e-07	1.98686e+00	6.38093e-09
1.00813e-04	4.09342e-07	1.54651e-04	5.12031e-07	2.84867e-04	3.52529e-07	1.99516e+00	5.97210e-09
9.83317e-05	3.89619e-07	1.50832e-04	4.92666e-07	2.77331e-04	3.28094e-07	1.99989e+00	5.71091e-09
9.53483e-05	3.80908e-07	1.46268e-04	4.88646e-07	2.69424e-04	3.31050e-07	2.00557e+00	5.48607e-09
